
dr=
0
3,22140793033537
4,25915483569814
5,63120235212257
7,44524234356766
9,84365861645142
13,0147026095065
17,2072692292286
22,7504325846739
30,0792749793567
39,7690364750806
52,5802654233427
69,5185138247322
91,9132629987445
121,52227443146
160,66955628805
212,427774567029
280,859426328402
371,335704656778
490,95808303658
649,11570925221
858,222358601245
1134,69078980016
1500,22098067424
1983,50335711419
2622,47070155964
3467,27549306729
4584,22637006974
6060,99268836926
8013,48567957101
10594,9563113509

u=
1,49843812451734
3,70411597607908
4,89736283410139
6,47500318125179
8,56086584095492
11,3186699520139
14,9648752664405
19,7856720524196
26,1594441380876
34,5864682180476
45,7281805180387
60,4590928541004
79,9354329722087
105,685896741355
139,731635330076
184,74489514718
244,25876217879
322,944473532457
426,978062342
564,525113952777
746,381681848871
986,821668745376
1304,71718369769
1725,01981193855
2280,719062155
3015,43170952432
3986,82527176896
5271,14432650276
6969,19494003659
9214,25692482531
12182,5449578033

dt_enter=
0

dt_sat=
0

dt_pres=
0

j=
0

dt=
100

T=
0

Поле давлений нефти=
200
200
200
200
200
200
200
200
200
200
200
200
200
200
200
200
200
200
200
200
200
200
200
200
200
200
200
200
200
200
200

Поле давлений воды=
199,086287649231
199,086287649231
199,086287649231
199,086287649231
199,086287649231
199,086287649231
199,086287649231
199,086287649231
199,086287649231
199,086287649231
199,086287649231
199,086287649231
199,086287649231
199,086287649231
199,086287649231
199,086287649231
199,086287649231
199,086287649231
199,086287649231
199,086287649231
199,086287649231
199,086287649231
199,086287649231
199,086287649231
199,086287649231
199,086287649231
199,086287649231
199,086287649231
199,086287649231
199,086287649231
199,086287649231

Баланс нефти=
0

Баланс воды=
0

Дебит воды=
0

Дебит нефти=
0

Дебит воды (Дюпюи)=
0

Дебит нефти (Дюпюи)=
0

Насыщенность=
0,422
0,422
0,422
0,422
0,422
0,422
0,422
0,422
0,422
0,422
0,422
0,422
0,422
0,422
0,422
0,422
0,422
0,422
0,422
0,422
0,422
0,422
0,422
0,422
0,422
0,422
0,422
0,422
0,422
0,422
0,422

Обводненность=
не число
не число
не число
не число
не число
не число
не число
не число
не число
не число
не число
не число
не число
не число
не число
не число
не число
не число
не число
не число
не число
не число
не число
не число
не число
не число
не число
не число
не число
не число
не число

Проницаемость нефти=
0,989087387979324
0,989087387979324
0,989087387979324
0,989087387979324
0,989087387979324
0,989087387979324
0,989087387979324
0,989087387979324
0,989087387979324
0,989087387979324
0,989087387979324
0,989087387979324
0,989087387979324
0,989087387979324
0,989087387979324
0,989087387979324
0,989087387979324
0,989087387979324
0,989087387979324
0,989087387979324
0,989087387979324
0,989087387979324
0,989087387979324
0,989087387979324
0,989087387979324
0,989087387979324
0,989087387979324
0,989087387979324
0,989087387979324
0,989087387979324
0,989087387979324

dt_enter=
200,100006103516

iter1=
2

dt_sat=
200,100006103516

dt_pres=
200,100006103516

j=
1

dt=
200,100006103516

T=
100

Поле давлений нефти=
197,975591488013
198,15737206005
198,330918903129
198,496879102941
198,655822159473
198,808219443206
198,954413026901
199,094570791357
199,228625383055
199,356197374013
199,476509700134
199,588313512652
199,689866580944
199,77903148773
199,853577533266
199,911743106542
199,95299496053
199,978692316107
199,992155918583
199,997782630208
199,999547546283
199,99993731877
199,999994412008
199,999999692452
199,999999989849
199,999999999803
199,999999999998
200
200
200
200

Поле давлений воды=
197,061879137244
197,243659709281
197,41720655236
197,583166752172
197,742109808704
197,894507092437
198,040700676132
198,180858440587
198,314913032285
198,442485023243
198,562797349364
198,674601161883
198,776154230175
198,86531913696
198,939865182497
198,998030755772
199,039282609761
199,064979965338
199,078443567814
199,084070279439
199,085835195514
199,086224968001
199,086282061239
199,086287341683
199,08628763908
199,086287649033
199,086287649228
199,086287649231
199,086287649231
199,086287649231
199,086287649231

Баланс нефти=
-1,80085359304407E-08

Баланс воды=
-5,88952157781961E-09

Дебит воды=
0

Дебит нефти=
56,7353504301641

Дебит воды (Дюпюи)=
0

Дебит нефти (Дюпюи)=
20,7315283668451

Насыщенность=
0,422186164136949
0,422068381154926
0,422062550354918
0,422056645765367
0,422050817481663
0,422045138165882
0,422039642468294
0,422034348999571
0,42202927337344
0,4220244367885
0,422019872261513
0,422015629011036
0,422011774098882
0,422008389130773
0,422005559017471
0,422003350740293
0,422001784585846
0,422000808965087
0,422000297807752
0,422000084184538
0,422000017177842
0,422000002379754
0,422000000212154
0,422000000011676
0,422000000000385
0,422000000000007
0,422
0,422
0,422
0,422
0,422

Обводненность=
не число
0,000116771075688592
0,000116771075688592
0,000116771075688592
0,000116771075688592
0,000116771075688592
0,000116771075688592
0,000116771075688592
0,000116771075688592
0,000116771075688592
0,000116771075688592
0,000116771075688592
0,000116771075688592
0,000116771075688592
0,000116771075688592
0,000116771075688592
0,000116771075688592
0,000116771075688592
0,000116771075688592
0,000116771075688592
0,000116771075688592
0,000116771075688592
0,000116771075688592
0,000116771075688592
0,000116771075688592
0,000116771075688592
0,000116771075688592
0,000116771075688592
не число
не число
не число

Проницаемость нефти=
0,987063060512915
0,988343556282321
0,988406970242941
0,988471188977159
0,988534580035453
0,988596352984093
0,988656130753449
0,988713710704253
0,98876892277995
0,988821536157899
0,988871191433383
0,988917352917368
0,988959290764358
0,988996116858554
0,989026907093209
0,989050932421181
0,989067971858388
0,98907858649187
0,989084147845412
0,989086472055043
0,989087201085082
0,989087362087692
0,989087385671101
0,989087387852285
0,989087387975132
0,989087387979244
0,989087387979324
0,989087387979324
0,989087387979324
0,989087387979324
0,989087387979324

dt_enter=
300,299987792969

iter1=
2

dt_sat=
300,299987792969

dt_pres=
300,299987792969

j=
2

dt=
300,299987792969

T=
300,100006103516

Поле давлений нефти=
197,378400534185
197,560354259654
197,739896523767
197,917004784357
198,09166466663
198,263857598477
198,43354233777
198,600627173306
198,764927625496
198,926102520636
199,083559705037
199,236323358929
199,382862424021
199,520902763867
199,647296540374
199,758106674751
199,849149433847
199,917198233544
199,961666599219
199,985812124355
199,996056826258
199,999229869522
199,999900629792
199,999991944031
199,999999604231
199,999999988494
199,999999999805
199,999999999998
200
200
200

Поле давлений воды=
196,468959595262
196,64821317927
196,827621567292
197,004594237684
197,17912026238
197,351182739216
197,52074122361
197,687704433731
197,85188825065
198,012951989791
198,170304258392
198,322970370295
198,46942081138
198,607383324139
198,733712025707
198,844471380297
198,93547812365
199,003504486977
199,047961097337
199,07210170964
199,082344870541
199,085517573481
199,086188283902
199,08627959353
199,08628725347
199,086287637725
199,086287649036
199,086287649229
199,086287649231
199,086287649231
199,086287649231

Баланс нефти=
-2,02099858898018E-08

Баланс воды=
-8,43754464492206E-09

Дебит воды=
0

Дебит нефти=
56,7754228483376

Дебит воды (Дюпюи)=
0

Дебит нефти (Дюпюи)=
26,8472313617692

Насыщенность=
0,422383922198989
0,422090738858855
0,42208435036781
0,422078305269484
0,422072040390366
0,422065698942046
0,422059360800844
0,422053072057
0,422046862737797
0,422040758169101
0,422034787449354
0,42202899114751
0,422023429254646
0,422018189088411
0,42201339066554
0,422009183714925
0,422005727194608
0,422003143651863
0,422001455365052
0,422000538656433
0,42200014970642
0,422000029238758
0,422000003772688
0,422000000305853
0,422000000015026
0,422000000000437
0,422000000000007
0,422
0,422
0,422
0,422

Обводненность=
не число
0,000125581535887934
0,000124734088431095
0,000123900986060549
0,000123091338550022
0,000122309398429317
0,000121557449312092
0,000120837531722449
0,000120152590789688
0,000119507316654421
0,000118908730876305
0,000118366382194359
0,000117891836948289
0,000117497044555339
0,0001171912998109
0,000116977165508411
0,000116846934262169
0,00011678230884882
0,000116759220140744
0,000116755941568944
0,000116758889383453
0,000116762428433126
0,000116765182161606
0,000116767117856207
0,000116768434767085
0,00011676931997759
0,000116771075688592
0,000116771075688592
не число
не число
не число

Проницаемость нефти=
0,984915139705199
0,988100421443173
0,98816989147037
0,98823562981352
0,988303760713406
0,988372726916637
0,988441659776354
0,988510057988047
0,988577594887047
0,988643994899718
0,988708941376986
0,988771992850432
0,988832496513117
0,988889502200521
0,988941703909534
0,988987472269506
0,989025077394427
0,989053185491382
0,989071553733066
0,989081527427666
0,989085759180001
0,989087069862795
0,989087346932624
0,989087384651657
0,989087387815845
0,989087387974573
0,989087387979244
0,989087387979324
0,989087387979324
0,989087387979324
0,989087387979324
